13000005_original.jpg,578,494,598,474
13000005_modified.jpg,578,494,598,474
13000005_original.jpg,262,33,280,15
13000005_modified.jpg,262,33,280,15
13000006_original.jpg,457,210,479,188
13000006_modified.jpg,457,210,479,188
13000006_original.jpg,578,58,604,32
13000006_modified.jpg,578,58,604,32
13000006_original.jpg,615,325,641,299
13000006_modified.jpg,615,325,641,299
13000006_original.jpg,616,159,634,141
13000006_modified.jpg,616,159,634,141
13000006_original.jpg,459,44,477,26
13000006_modified.jpg,459,44,477,26
13000007_original.jpg,264,341,288,317
13000007_modified.jpg,264,341,288,317
13000007_original.jpg,589,417,613,393
13000007_modified.jpg,589,417,613,393
13000007_original.jpg,277,474,297,454
13000007_modified.jpg,277,474,297,454
13000007_original.jpg,433,603,453,583
13000007_modified.jpg,433,603,453,583
13000007_original.jpg,337,608,355,590
13000007_modified.jpg,337,608,355,590
13000007_original.jpg,433,342,457,318
13000007_modified.jpg,433,342,457,318
13000007_original.jpg,363,474,383,454
13000007_modified.jpg,363,474,383,454
13000007_original.jpg,243,608,263,588
13000007_modified.jpg,243,608,263,588
13000008_original.jpg,611,54,629,36
13000008_modified.jpg,611,54,629,36
13000008_original.jpg,336,253,358,231
13000008_modified.jpg,336,253,358,231
13000008_original.jpg,433,247,453,227
13000008_modified.jpg,433,247,453,227
13000008_original.jpg,242,253,264,231
13000008_modified.jpg,242,253,264,231
13000008_original.jpg,527,53,545,35
13000008_modified.jpg,527,53,545,35
13000008_original.jpg,-6,360,12,342
13000008_modified.jpg,-6,360,12,342
13000008_original.jpg,-6,273,14,253
13000008_modified.jpg,-6,273,14,253
13000009_original.jpg,233,219,259,193
13000009_modified.jpg,233,219,259,193
13000009_original.jpg,347,471,369,449
13000009_modified.jpg,347,471,369,449
13000009_original.jpg,487,219,513,193
13000009_modified.jpg,487,219,513,193
13000009_original.jpg,347,392,373,366
13000009_modified.jpg,347,392,373,366
13000010_original.jpg,350,322,370,302
13000010_modified.jpg,350,322,370,302
13000010_original.jpg,349,639,371,617
13000010_modified.jpg,349,639,371,617
13000010_original.jpg,348,159,368,139
13000010_modified.jpg,348,159,368,139
13000010_original.jpg,347,557,371,533
13000010_modified.jpg,347,557,371,533
13000010_original.jpg,350,238,368,220
13000010_modified.jpg,350,238,368,220
13000010_original.jpg,348,79,368,59
13000010_modified.jpg,348,79,368,59
13000010_original.jpg,506,638,526,618
13000010_modified.jpg,506,638,526,618
13000010_original.jpg,-4,136,14,118
13000010_modified.jpg,-4,136,14,118
13000011_original.jpg,501,40,525,16
13000011_modified.jpg,501,40,525,16
13000011_original.jpg,348,364,370,342
13000011_modified.jpg,348,364,370,342
13000011_original.jpg,563,503,585,481
13000011_modified.jpg,563,503,585,481
13000011_original.jpg,349,120,371,98
13000011_modified.jpg,349,120,371,98
13000011_original.jpg,610,337,628,319
13000011_modified.jpg,610,337,628,319
13000011_original.jpg,348,529,372,505
13000011_modified.jpg,348,529,372,505
13000011_original.jpg,349,39,371,17
13000011_modified.jpg,349,39,371,17
13000011_original.jpg,348,448,372,424
13000011_modified.jpg,348,448,372,424
13000011_original.jpg,346,283,372,257
13000011_modified.jpg,346,283,372,257
13000011_original.jpg,501,202,523,180
13000011_modified.jpg,501,202,523,180
13000011_original.jpg,347,201,371,177
13000011_modified.jpg,347,201,371,177
13000011_original.jpg,350,608,368,590
13000011_modified.jpg,350,608,368,590
13000012_original.jpg,348,491,372,467
13000012_modified.jpg,348,491,372,467
13000012_original.jpg,348,569,370,547
13000012_modified.jpg,348,569,370,547
13000012_original.jpg,562,146,584,124
13000012_modified.jpg,562,146,584,124
13000012_original.jpg,348,89,372,65
13000012_modified.jpg,348,89,372,65
13000012_original.jpg,347,412,373,386
13000012_modified.jpg,347,412,373,386
13000012_original.jpg,352,323,370,305
13000012_modified.jpg,352,323,370,305
13000013_original.jpg,351,50,371,30
13000013_modified.jpg,351,50,371,30
13000014_original.jpg,467,344,513,298
13000014_modified.jpg,467,344,513,298
13000014_original.jpg,467,603,513,557
13000014_modified.jpg,467,603,513,557
13000014_original.jpg,467,87,511,43
13000014_modified.jpg,467,87,511,43
13000015_original.jpg,496,298,524,270
13000015_modified.jpg,496,298,524,270
13000017_original.jpg,254,188,294,148
13000017_modified.jpg,254,188,294,148
13000017_original.jpg,496,140,526,110
13000017_modified.jpg,496,140,526,110
13000019_original.jpg,257,579,279,557
13000019_modified.jpg,257,579,279,557
13000019_original.jpg,38,476,56,458
13000019_modified.jpg,38,476,56,458
13000020_original.jpg,256,303,278,281
13000020_modified.jpg,256,303,278,281
13000020_original.jpg,384,522,408,498
13000020_modified.jpg,384,522,408,498
13000020_original.jpg,384,360,408,336
13000020_modified.jpg,384,360,408,336
13000021_original.jpg,204,277,224,257
13000021_modified.jpg,204,277,224,257
13000021_original.jpg,318,357,340,335
13000021_modified.jpg,318,357,340,335
13000021_original.jpg,109,583,129,563
13000021_modified.jpg,109,583,129,563
13000022_original.jpg,114,413,138,389
13000022_modified.jpg,114,413,138,389
13000022_original.jpg,443,317,463,297
13000022_modified.jpg,443,317,463,297
13000022_original.jpg,570,464,590,444
13000022_modified.jpg,570,464,590,444
13000022_original.jpg,399,464,419,444
13000022_modified.jpg,399,464,419,444
13000022_original.jpg,613,318,633,298
13000022_modified.jpg,613,318,633,298
13000022_original.jpg,486,463,504,445
13000022_modified.jpg,486,463,504,445
13000022_original.jpg,202,82,224,60
13000022_modified.jpg,202,82,224,60
13000022_original.jpg,529,315,547,297
13000022_modified.jpg,529,315,547,297
13000022_original.jpg,96,292,118,270
13000022_modified.jpg,96,292,118,270
13000022_original.jpg,315,82,335,62
13000022_modified.jpg,315,82,335,62
13000023_original.jpg,134,597,156,575
13000023_modified.jpg,134,597,156,575
13000023_original.jpg,362,638,388,612
13000023_modified.jpg,362,638,388,612
13000023_original.jpg,450,634,474,610
13000023_modified.jpg,450,634,474,610
13000023_original.jpg,251,598,277,572
13000023_modified.jpg,251,598,277,572
13000024_original.jpg,252,324,276,300
13000024_modified.jpg,252,324,276,300
13000024_original.jpg,534,201,560,175
13000024_modified.jpg,534,201,560,175
13000024_original.jpg,362,38,388,12
13000024_modified.jpg,362,38,388,12
13000024_original.jpg,450,34,474,10
13000024_modified.jpg,450,34,474,10
13000024_original.jpg,558,626,580,604
13000024_modified.jpg,558,626,580,604
13000024_original.jpg,14,328,40,302
13000024_modified.jpg,14,328,40,302
13000024_original.jpg,16,159,34,141
13000024_modified.jpg,16,159,34,141
13000025_original.jpg,191,417,215,393
13000025_modified.jpg,191,417,215,393
13000025_original.jpg,559,106,581,84
13000025_modified.jpg,559,106,581,84
13000025_original.jpg,558,26,580,4
13000025_modified.jpg,558,26,580,4
13000025_original.jpg,240,576,258,558
13000025_modified.jpg,240,576,258,558
13000025_original.jpg,153,578,175,556
13000025_modified.jpg,153,578,175,556
13000025_original.jpg,558,271,582,247
13000025_modified.jpg,558,271,582,247
13000025_original.jpg,490,373,510,353
13000025_modified.jpg,490,373,510,353
13000025_original.jpg,394,464,414,444
13000025_modified.jpg,394,464,414,444
13000026_original.jpg,30,603,52,581
13000026_modified.jpg,30,603,52,581
13000026_original.jpg,29,520,51,498
13000026_modified.jpg,29,520,51,498
13000026_original.jpg,30,357,50,337
13000026_modified.jpg,30,357,50,337
13000026_original.jpg,32,438,52,418
13000026_modified.jpg,32,438,52,418
13000026_original.jpg,11,53,29,35
13000026_modified.jpg,11,53,29,35
13000026_original.jpg,393,124,415,102
13000026_modified.jpg,393,124,415,102
13000027_original.jpg,31,83,53,61
13000027_modified.jpg,31,83,53,61
13000027_original.jpg,131,275,155,251
13000027_modified.jpg,131,275,155,251
13000027_original.jpg,50,457,74,433
13000027_modified.jpg,50,457,74,433
13000027_original.jpg,30,164,50,144
13000027_modified.jpg,30,164,50,144
13000027_original.jpg,51,364,73,342
13000027_modified.jpg,51,364,73,342
13000027_original.jpg,217,457,241,433
13000027_modified.jpg,217,457,241,433
13000027_original.jpg,215,367,241,341
13000027_modified.jpg,215,367,241,341
13000027_original.jpg,618,593,638,573
13000027_modified.jpg,618,593,638,573
13000027_original.jpg,299,272,317,254
13000027_modified.jpg,299,272,317,254
13000027_original.jpg,618,497,636,479
13000027_modified.jpg,618,497,636,479
13000028_original.jpg,233,77,251,59
13000028_modified.jpg,233,77,251,59
13000028_original.jpg,137,274,155,256
13000028_modified.jpg,137,274,155,256
13000028_original.jpg,475,464,497,442
13000028_modified.jpg,475,464,497,442
13000028_original.jpg,215,608,239,584
13000028_modified.jpg,215,608,239,584
13000028_original.jpg,220,274,238,256
13000028_modified.jpg,220,274,238,256
13000028_original.jpg,334,184,356,162
13000028_modified.jpg,334,184,356,162
13000028_original.jpg,146,79,166,59
13000028_modified.jpg,146,79,166,59
13000028_original.jpg,466,608,492,582
13000028_modified.jpg,466,608,492,582
13000028_original.jpg,568,223,588,203
13000028_modified.jpg,568,223,588,203
13000028_original.jpg,335,346,357,324
13000028_modified.jpg,335,346,357,324
13000028_original.jpg,477,140,499,118
13000028_modified.jpg,477,140,499,118
13000029_original.jpg,380,558,422,516
13000029_modified.jpg,380,558,422,516
13000029_original.jpg,589,525,613,501
13000029_modified.jpg,589,525,613,501
13000029_original.jpg,94,337,112,319
13000029_modified.jpg,94,337,112,319
13000029_original.jpg,569,276,593,252
13000029_modified.jpg,569,276,593,252
13000029_original.jpg,216,127,238,105
13000029_modified.jpg,216,127,238,105
13000029_original.jpg,212,218,234,196
13000029_modified.jpg,212,218,234,196
13000029_original.jpg,10,337,28,319
13000029_modified.jpg,10,337,28,319
13000029_original.jpg,394,325,416,303
13000029_modified.jpg,394,325,416,303
13000029_original.jpg,77,502,99,480
13000029_modified.jpg,77,502,99,480
13000029_original.jpg,469,127,491,105
13000029_modified.jpg,469,127,491,105
13000029_original.jpg,382,216,402,196
13000029_modified.jpg,382,216,402,196
13000029_original.jpg,224,324,248,300
13000029_modified.jpg,224,324,248,300
13000030_original.jpg,380,474,426,428
13000030_modified.jpg,380,474,426,428
13000030_original.jpg,590,330,612,308
13000030_modified.jpg,590,330,612,308
13000030_original.jpg,63,444,85,422
13000030_modified.jpg,63,444,85,422
13000030_original.jpg,380,216,426,170
13000030_modified.jpg,380,216,426,170
13000030_original.jpg,63,608,87,584
13000030_modified.jpg,63,608,87,584
13000030_original.jpg,77,149,99,127
13000030_modified.jpg,77,149,99,127
13000031_original.jpg,335,477,381,431
13000031_modified.jpg,335,477,381,431
13000031_original.jpg,336,217,380,173
13000031_modified.jpg,336,217,380,173
13000033_original.jpg,524,192,556,160
13000033_modified.jpg,524,192,556,160
13000033_original.jpg,524,572,556,540
13000033_modified.jpg,524,572,556,540
13000033_original.jpg,321,632,339,614
13000033_modified.jpg,321,632,339,614
13000034_original.jpg,524,355,556,323
13000034_modified.jpg,524,355,556,323
13000034_original.jpg,320,277,340,257
13000034_modified.jpg,320,277,340,257
13000034_original.jpg,321,32,339,14
13000034_modified.jpg,321,32,339,14
13000034_original.jpg,608,219,644,183
13000034_modified.jpg,608,219,644,183
13000035_original.jpg,23,435,69,389
13000035_modified.jpg,23,435,69,389
13000035_original.jpg,526,138,556,108
13000035_modified.jpg,526,138,556,108
13000035_original.jpg,321,302,341,282
13000035_modified.jpg,321,302,341,282
13000035_original.jpg,321,58,341,38
13000035_modified.jpg,321,58,341,38
13000037_original.jpg,567,489,605,451
13000037_modified.jpg,567,489,605,451
13000037_original.jpg,41,550,57,534
13000037_modified.jpg,41,550,57,534
13000037_original.jpg,258,379,282,355
13000037_modified.jpg,258,379,282,355
13000037_original.jpg,429,379,451,357
13000037_modified.jpg,429,379,451,357
13000037_original.jpg,126,551,144,533
13000037_modified.jpg,126,551,144,533
13000040_original.jpg,377,463,397,443
13000040_modified.jpg,377,463,397,443
13000040_original.jpg,462,463,482,443
13000040_modified.jpg,462,463,482,443
13000040_original.jpg,421,315,439,297
13000040_modified.jpg,421,315,439,297
13000040_original.jpg,13,318,33,298
13000040_modified.jpg,13,318,33,298
13000040_original.jpg,181,318,203,296
13000040_modified.jpg,181,318,203,296
13000040_original.jpg,333,317,353,297
13000040_modified.jpg,333,317,353,297
13000040_original.jpg,505,316,523,298
13000040_modified.jpg,505,316,523,298
13000040_original.jpg,138,466,160,444
13000040_modified.jpg,138,466,160,444
13000040_original.jpg,288,465,312,441
13000040_modified.jpg,288,465,312,441
13000041_original.jpg,341,326,365,302
13000041_modified.jpg,341,326,365,302
13000041_original.jpg,188,634,212,610
13000041_modified.jpg,188,634,212,610
13000041_original.jpg,131,369,155,345
13000041_modified.jpg,131,369,155,345
13000041_original.jpg,343,163,365,141
13000041_modified.jpg,343,163,365,141
13000041_original.jpg,562,188,588,162
13000041_modified.jpg,562,188,588,162
13000041_original.jpg,563,350,587,326
13000041_modified.jpg,563,350,587,326
13000041_original.jpg,133,206,155,184
13000041_modified.jpg,133,206,155,184
13000041_original.jpg,281,637,305,613
13000041_modified.jpg,281,637,305,613
13000041_original.jpg,228,371,254,345
13000041_modified.jpg,228,371,254,345
13000041_original.jpg,374,639,400,613
13000041_modified.jpg,374,639,400,613
13000041_original.jpg,229,209,255,183
13000041_modified.jpg,229,209,255,183
13000042_original.jpg,450,199,476,173
13000042_modified.jpg,450,199,476,173
13000042_original.jpg,188,34,212,10
13000042_modified.jpg,188,34,212,10
13000042_original.jpg,374,39,400,13
13000042_modified.jpg,374,39,400,13
13000042_original.jpg,281,37,305,13
13000042_modified.jpg,281,37,305,13
13000043_original.jpg,413,379,435,357
13000043_modified.jpg,413,379,435,357
13000043_original.jpg,412,136,436,112
13000043_modified.jpg,412,136,436,112
13000043_original.jpg,314,373,336,351
13000043_modified.jpg,314,373,336,351
13000043_original.jpg,412,216,436,192
13000043_modified.jpg,412,216,436,192
13000043_original.jpg,197,464,221,440
13000043_modified.jpg,197,464,221,440
13000043_original.jpg,618,462,638,442
13000043_modified.jpg,618,462,638,442
13000044_original.jpg,126,218,150,194
13000044_modified.jpg,126,218,150,194
13000044_original.jpg,381,599,405,575
13000044_modified.jpg,381,599,405,575
13000044_original.jpg,128,126,150,104
13000044_modified.jpg,128,126,150,104
13000044_original.jpg,381,218,405,194
13000044_modified.jpg,381,218,405,194
13000044_original.jpg,125,497,151,471
13000044_modified.jpg,125,497,151,471
13000044_original.jpg,381,125,403,103
13000044_modified.jpg,381,125,403,103
13000044_original.jpg,525,302,541,286
13000044_modified.jpg,525,302,541,286
13000044_original.jpg,126,310,148,288
13000044_modified.jpg,126,310,148,288
13000044_original.jpg,525,550,541,534
13000044_modified.jpg,525,550,541,534
13000044_original.jpg,126,598,148,576
13000044_modified.jpg,126,598,148,576
13000044_original.jpg,380,313,406,287
13000044_modified.jpg,380,313,406,287
13000044_original.jpg,125,404,149,380
13000044_modified.jpg,125,404,149,380
13000044_original.jpg,380,402,406,376
13000044_modified.jpg,380,402,406,376
13000044_original.jpg,382,494,400,476
13000044_modified.jpg,382,494,400,476
13000045_original.jpg,17,393,41,369
13000045_modified.jpg,17,393,41,369
13000045_original.jpg,619,445,639,425
13000045_modified.jpg,619,445,639,425
13000045_original.jpg,358,594,380,572
13000045_modified.jpg,358,594,380,572
13000045_original.jpg,19,592,41,570
13000045_modified.jpg,19,592,41,570
13000045_original.jpg,358,393,380,371
13000045_modified.jpg,358,393,380,371
13000045_original.jpg,360,497,380,477
13000045_modified.jpg,360,497,380,477
13000045_original.jpg,302,233,320,215
13000045_modified.jpg,302,233,320,215
13000045_original.jpg,22,496,42,476
13000045_modified.jpg,22,496,42,476
13000046_original.jpg,561,275,583,253
13000046_modified.jpg,561,275,583,253
13000046_original.jpg,63,280,87,256
13000046_modified.jpg,63,280,87,256
13000046_original.jpg,618,86,636,68
13000046_modified.jpg,618,86,636,68
13000046_original.jpg,452,279,476,255
13000046_modified.jpg,452,279,476,255
13000046_original.jpg,532,87,552,67
13000046_modified.jpg,532,87,552,67
13000046_original.jpg,18,89,40,67
13000046_modified.jpg,18,89,40,67
13000046_original.jpg,160,279,186,253
13000046_modified.jpg,160,279,186,253
13000046_original.jpg,560,523,586,497
13000046_modified.jpg,560,523,586,497
13000046_original.jpg,359,88,381,66
13000046_modified.jpg,359,88,381,66
13000046_original.jpg,260,277,280,257
13000046_modified.jpg,260,277,280,257
13000046_original.jpg,352,282,378,256
13000046_modified.jpg,352,282,378,256
13000046_original.jpg,428,195,460,163
13000046_modified.jpg,428,195,460,163
13000047_original.jpg,261,248,283,226
13000047_modified.jpg,261,248,283,226
13000047_original.jpg,64,249,88,225
13000047_modified.jpg,64,249,88,225
13000047_original.jpg,451,248,477,222
13000047_modified.jpg,451,248,477,222
13000047_original.jpg,161,246,181,226
13000047_modified.jpg,161,246,181,226
13000047_original.jpg,354,247,380,221
13000047_modified.jpg,354,247,380,221
13000048_original.jpg,241,133,261,113
13000048_modified.jpg,241,133,261,113
13000048_original.jpg,241,355,261,335
13000048_modified.jpg,241,355,261,335
13000048_original.jpg,241,578,261,558
13000048_modified.jpg,241,578,261,558
13000048_original.jpg,241,436,261,416
13000048_modified.jpg,241,436,261,416
13000048_original.jpg,238,311,266,283
13000048_modified.jpg,238,311,266,283
13000048_original.jpg,238,89,264,63
13000048_modified.jpg,238,89,264,63
13000048_original.jpg,241,213,259,195
13000048_modified.jpg,241,213,259,195
13000048_original.jpg,383,409,405,387
13000048_modified.jpg,383,409,405,387
13000049_original.jpg,32,523,56,499
13000049_modified.jpg,32,523,56,499
13000049_original.jpg,530,60,554,36
13000049_modified.jpg,530,60,554,36
13000049_original.jpg,427,279,451,255
13000049_modified.jpg,427,279,451,255
13000049_original.jpg,575,129,597,107
13000049_modified.jpg,575,129,597,107
13000049_original.jpg,241,58,261,38
13000049_modified.jpg,241,58,261,38
13000049_original.jpg,383,56,407,32
13000049_modified.jpg,383,56,407,32
13000049_original.jpg,618,58,640,36
13000049_modified.jpg,618,58,640,36
13000049_original.jpg,524,111,560,75
13000049_modified.jpg,524,111,560,75
13000049_original.jpg,485,133,511,107
13000049_modified.jpg,485,133,511,107
13000050_original.jpg,163,600,183,580
13000050_modified.jpg,163,600,183,580
13000050_original.jpg,33,411,57,387
13000050_modified.jpg,33,411,57,387
13000050_original.jpg,418,599,438,579
13000050_modified.jpg,418,599,438,579
13000051_original.jpg,439,191,471,159
13000051_modified.jpg,439,191,471,159
13000051_original.jpg,443,571,471,543
13000051_modified.jpg,443,571,471,543
13000051_original.jpg,13,436,41,408
13000051_modified.jpg,13,436,41,408
13000051_original.jpg,440,435,472,403
13000051_modified.jpg,440,435,472,403
13000052_original.jpg,439,221,471,189
13000052_modified.jpg,439,221,471,189
13000052_original.jpg,443,353,471,325
13000052_modified.jpg,443,353,471,325
13000052_original.jpg,10,603,40,573
13000052_modified.jpg,10,603,40,573
13000052_original.jpg,440,603,470,573
13000052_modified.jpg,440,603,470,573
13000052_original.jpg,13,218,41,190
13000052_modified.jpg,13,218,41,190
13000053_original.jpg,440,385,470,355
13000053_modified.jpg,440,385,470,355
13000053_original.jpg,10,385,42,353
13000053_modified.jpg,10,385,42,353
13000053_original.jpg,442,137,472,107
13000053_modified.jpg,442,137,472,107
13000055_original.jpg,570,484,610,444
13000055_modified.jpg,570,484,610,444
13000055_original.jpg,49,489,89,449
13000055_modified.jpg,49,489,89,449
13000055_original.jpg,486,485,526,445
13000055_modified.jpg,486,485,526,445
13000055_original.jpg,185,367,207,345
13000055_modified.jpg,185,367,207,345
13000055_original.jpg,354,367,376,345
13000055_modified.jpg,354,367,376,345
13000055_original.jpg,498,551,514,535
13000055_modified.jpg,498,551,514,535
13000055_original.jpg,580,552,598,534
13000055_modified.jpg,580,552,598,534
13000058_original.jpg,158,462,178,442
13000058_modified.jpg,158,462,178,442
13000058_original.jpg,326,463,346,443
13000058_modified.jpg,326,463,346,443
13000058_original.jpg,30,463,50,443
13000058_modified.jpg,30,463,50,443
13000058_original.jpg,200,316,220,296
13000058_modified.jpg,200,316,220,296
13000058_original.jpg,242,462,260,444
13000058_modified.jpg,242,462,260,444
13000058_original.jpg,286,315,304,297
13000058_modified.jpg,286,315,304,297
13000058_original.jpg,536,316,554,298
13000058_modified.jpg,536,316,554,298
13000058_original.jpg,72,317,92,297
13000058_modified.jpg,72,317,92,297
13000058_original.jpg,493,464,513,444
13000058_modified.jpg,493,464,513,444
13000058_original.jpg,371,316,391,296
13000058_modified.jpg,371,316,391,296
13000059_original.jpg,192,636,218,610
13000059_modified.jpg,192,636,218,610
13000059_original.jpg,533,638,559,612
13000059_modified.jpg,533,638,559,612
13000059_original.jpg,157,272,179,250
13000059_modified.jpg,157,272,179,250
13000059_original.jpg,58,348,82,324
13000059_modified.jpg,58,348,82,324
13000059_original.jpg,155,109,181,83
13000059_modified.jpg,155,109,181,83
13000059_original.jpg,109,634,131,612
13000059_modified.jpg,109,634,131,612
13000059_original.jpg,61,185,83,163
13000059_modified.jpg,61,185,83,163
13000060_original.jpg,192,36,218,10
13000060_modified.jpg,192,36,218,10
13000060_original.jpg,533,38,559,12
13000060_modified.jpg,533,38,559,12
13000060_original.jpg,364,200,390,174
13000060_modified.jpg,364,200,390,174
13000060_original.jpg,109,34,131,12
13000060_modified.jpg,109,34,131,12
13000061_original.jpg,369,545,391,523
13000061_modified.jpg,369,545,391,523
13000061_original.jpg,224,378,250,352
13000061_modified.jpg,224,378,250,352
13000061_original.jpg,16,465,42,439
13000061_modified.jpg,16,465,42,439
13000061_original.jpg,227,132,247,112
13000061_modified.jpg,227,132,247,112
13000061_original.jpg,224,218,248,194
13000061_modified.jpg,224,218,248,194
13000062_original.jpg,283,549,305,527
13000062_modified.jpg,283,549,305,527
13000062_original.jpg,434,565,454,545
13000062_modified.jpg,434,565,454,545
13000062_original.jpg,553,342,579,316
13000062_modified.jpg,553,342,579,316
13000062_original.jpg,240,215,262,193
13000062_modified.jpg,240,215,262,193
13000062_original.jpg,282,304,304,282
13000062_modified.jpg,282,304,304,282
13000062_original.jpg,556,248,578,226
13000062_modified.jpg,556,248,578,226
13000062_original.jpg,93,303,111,285
13000062_modified.jpg,93,303,111,285
13000062_original.jpg,39,481,75,445
13000062_modified.jpg,39,481,75,445
13000062_original.jpg,406,214,430,190
13000062_modified.jpg,406,214,430,190
13000062_original.jpg,552,442,578,416
13000062_modified.jpg,552,442,578,416
13000062_original.jpg,553,546,581,518
13000062_modified.jpg,553,546,581,518
13000062_original.jpg,180,303,196,287
13000062_modified.jpg,180,303,196,287
13000063_original.jpg,19,445,39,425
13000063_modified.jpg,19,445,39,425
13000064_original.jpg,18,86,36,68
13000064_modified.jpg,18,86,36,68
13000064_original.jpg,224,585,246,563
13000064_modified.jpg,224,585,246,563
13000064_original.jpg,222,342,244,320
13000064_modified.jpg,222,342,244,320
13000064_original.jpg,126,343,148,321
13000064_modified.jpg,126,343,148,321
13000064_original.jpg,125,588,149,564
13000064_modified.jpg,125,588,149,564
13000064_original.jpg,543,84,565,62
13000064_modified.jpg,543,84,565,62
13000066_original.jpg,211,211,233,189
13000066_modified.jpg,211,211,233,189
13000066_original.jpg,545,212,569,188
13000066_modified.jpg,545,212,569,188
13000067_original.jpg,143,131,167,107
13000067_modified.jpg,143,131,167,107
13000067_original.jpg,101,58,123,36
13000067_modified.jpg,101,58,123,36
13000067_original.jpg,484,131,506,109
13000067_modified.jpg,484,131,506,109
13000067_original.jpg,419,513,443,489
13000067_modified.jpg,419,513,443,489
13000067_original.jpg,530,431,554,407
13000067_modified.jpg,530,431,554,407
13000067_original.jpg,570,130,592,108
13000067_modified.jpg,570,130,592,108
13000067_original.jpg,313,131,337,107
13000067_modified.jpg,313,131,337,107
13000067_original.jpg,186,58,208,36
13000067_modified.jpg,186,58,208,36
13000067_original.jpg,333,278,353,258
13000067_modified.jpg,333,278,353,258
13000067_original.jpg,271,57,293,35
13000067_modified.jpg,271,57,293,35
13000067_original.jpg,612,60,634,38
13000067_modified.jpg,612,60,634,38
13000067_original.jpg,398,132,422,108
13000067_modified.jpg,398,132,422,108
13000067_original.jpg,59,131,83,107
13000067_modified.jpg,59,131,83,107
13000067_original.jpg,496,306,520,282
13000067_modified.jpg,496,306,520,282
13000067_original.jpg,228,129,252,105
13000067_modified.jpg,228,129,252,105
13000067_original.jpg,18,58,40,36
13000067_modified.jpg,18,58,40,36
13000067_original.jpg,438,62,464,36
13000067_modified.jpg,438,62,464,36
13000067_original.jpg,356,60,378,38
13000067_modified.jpg,356,60,378,38
13000067_original.jpg,525,61,549,37
13000067_modified.jpg,525,61,549,37
13000068_original.jpg,111,577,133,555
13000068_modified.jpg,111,577,133,555
13000068_original.jpg,532,75,556,51
13000068_modified.jpg,532,75,556,51
13000068_original.jpg,105,265,127,243
13000068_modified.jpg,105,265,127,243
13000068_original.jpg,420,74,440,54
13000068_modified.jpg,420,74,440,54
13000068_original.jpg,273,265,291,247
13000068_modified.jpg,273,265,291,247
13000068_original.jpg,458,365,484,339
13000068_modified.jpg,458,365,484,339
13000069_original.jpg,214,526,242,498
13000069_modified.jpg,214,526,242,498
13000069_original.jpg,353,291,373,271
13000069_modified.jpg,353,291,373,271
13000069_original.jpg,571,553,591,533
13000069_modified.jpg,571,553,591,533
13000069_original.jpg,354,548,372,530
13000069_modified.jpg,354,548,372,530
13000069_original.jpg,440,290,458,272
13000069_modified.jpg,440,290,458,272
13000069_original.jpg,572,294,590,276
13000069_modified.jpg,572,294,590,276
13000069_original.jpg,438,551,460,529
13000069_modified.jpg,438,551,460,529
13000069_original.jpg,98,638,124,612
13000069_modified.jpg,98,638,124,612
13000070_original.jpg,96,41,124,13
13000070_modified.jpg,96,41,124,13
13000070_original.jpg,96,353,124,325
13000070_modified.jpg,96,353,124,325
13000070_original.jpg,97,191,125,163
13000070_modified.jpg,97,191,125,163
13000070_original.jpg,571,206,595,182
13000070_modified.jpg,571,206,595,182
13000070_original.jpg,269,63,289,43
13000070_modified.jpg,269,63,289,43
13000070_original.jpg,268,309,290,287
13000070_modified.jpg,268,309,290,287
13000070_original.jpg,574,448,594,428
13000070_modified.jpg,574,448,594,428
13000070_original.jpg,383,90,405,68
13000070_modified.jpg,383,90,405,68
13000070_original.jpg,384,335,408,311
13000070_modified.jpg,384,335,408,311
13000071_original.jpg,581,414,609,386
13000071_modified.jpg,581,414,609,386
13000071_original.jpg,135,631,173,593
13000071_modified.jpg,135,631,173,593
13000071_original.jpg,578,170,610,138
13000071_modified.jpg,578,170,610,138
13000071_original.jpg,85,630,123,592
13000071_modified.jpg,85,630,123,592
13000072_original.jpg,37,553,63,527
13000072_modified.jpg,37,553,63,527
13000072_original.jpg,39,299,63,275
13000072_modified.jpg,39,299,63,275
13000072_original.jpg,37,429,61,405
13000072_modified.jpg,37,429,61,405
13000072_original.jpg,437,359,463,333
13000072_modified.jpg,437,359,463,333
13000072_original.jpg,292,297,314,275
13000072_modified.jpg,292,297,314,275
13000072_original.jpg,287,430,311,406
13000072_modified.jpg,287,430,311,406
13000072_original.jpg,438,195,462,171
13000072_modified.jpg,438,195,462,171
13000072_original.jpg,289,551,311,529
13000072_modified.jpg,289,551,311,529
13000072_original.jpg,616,427,634,409
13000072_modified.jpg,616,427,634,409
13000073_original.jpg,344,295,368,271
13000073_modified.jpg,344,295,368,271
13000073_original.jpg,467,312,491,288
13000073_modified.jpg,467,312,491,288
13000073_original.jpg,341,461,369,433
13000073_modified.jpg,341,461,369,433
13000073_original.jpg,619,314,639,294
13000073_modified.jpg,619,314,639,294
13000074_original.jpg,469,199,491,177
13000074_modified.jpg,469,199,491,177
13000079_original.jpg,472,470,496,446
13000079_modified.jpg,472,470,496,446
13000079_original.jpg,533,381,555,359
13000079_modified.jpg,533,381,555,359
13000079_original.jpg,419,179,443,155
13000079_modified.jpg,419,179,443,155
13000079_original.jpg,472,560,496,536
13000079_modified.jpg,472,560,496,536
13000080_original.jpg,289,442,311,420
13000080_modified.jpg,289,442,311,420
13000080_original.jpg,453,442,475,420
13000080_modified.jpg,453,442,475,420
13000080_original.jpg,171,114,193,92
13000080_modified.jpg,171,114,193,92
13000080_original.jpg,288,545,314,519
13000080_modified.jpg,288,545,314,519
13000080_original.jpg,289,342,311,320
13000080_modified.jpg,289,342,311,320
13000080_original.jpg,205,252,231,226
13000080_modified.jpg,205,252,231,226
13000080_original.jpg,339,113,359,93
13000080_modified.jpg,339,113,359,93
13000080_original.jpg,575,463,595,443
13000080_modified.jpg,575,463,595,443
13000081_original.jpg,452,88,474,66
13000081_modified.jpg,452,88,474,66
13000081_original.jpg,289,199,309,179
13000081_modified.jpg,289,199,309,179
13000081_original.jpg,206,198,224,180
13000081_modified.jpg,206,198,224,180
13000081_original.jpg,480,638,506,612
13000081_modified.jpg,480,638,506,612
13000081_original.jpg,241,446,265,422
13000081_modified.jpg,241,446,265,422
13000081_original.jpg,481,227,499,209
13000081_modified.jpg,481,227,499,209
13000082_original.jpg,411,383,433,361
13000082_modified.jpg,411,383,433,361
13000082_original.jpg,612,354,634,332
13000082_modified.jpg,612,354,634,332
13000082_original.jpg,504,387,528,363
13000082_modified.jpg,504,387,528,363
13000082_original.jpg,480,38,506,12
13000082_modified.jpg,480,38,506,12
13000082_original.jpg,270,212,286,196
13000082_modified.jpg,270,212,286,196
13000082_original.jpg,287,429,309,407
13000082_modified.jpg,287,429,309,407
13000082_original.jpg,574,75,596,53
13000082_modified.jpg,574,75,596,53
13000082_original.jpg,186,214,204,196
13000082_modified.jpg,186,214,204,196
13000083_original.jpg,411,191,435,167
13000083_modified.jpg,411,191,435,167
13000083_original.jpg,504,192,528,168
13000083_modified.jpg,504,192,528,168
13000083_original.jpg,610,79,634,55
13000083_modified.jpg,610,79,634,55
13000083_original.jpg,534,634,556,612
13000083_modified.jpg,534,634,556,612
13000083_original.jpg,364,606,388,582
13000083_modified.jpg,364,606,388,582
13000083_original.jpg,288,154,308,134
13000083_modified.jpg,288,154,308,134
13000084_original.jpg,534,34,556,12
13000084_modified.jpg,534,34,556,12
13000085_original.jpg,234,589,256,567
13000085_modified.jpg,234,589,256,567
13000085_original.jpg,181,58,203,36
13000085_modified.jpg,181,58,203,36
13000085_original.jpg,139,131,161,109
13000085_modified.jpg,139,131,161,109
13000085_original.jpg,134,431,156,409
13000085_modified.jpg,134,431,156,409
13000085_original.jpg,27,432,51,408
13000085_modified.jpg,27,432,51,408
13000085_original.jpg,266,60,290,36
13000085_modified.jpg,266,60,290,36
13000085_original.jpg,12,60,34,38
13000085_modified.jpg,12,60,34,38
13000085_original.jpg,95,59,121,33
13000085_modified.jpg,95,59,121,33
13000085_original.jpg,222,130,248,104
13000085_modified.jpg,222,130,248,104
13000085_original.jpg,481,305,503,283
13000085_modified.jpg,481,305,503,283
13000085_original.jpg,366,57,386,37
13000085_modified.jpg,366,57,386,37
13000085_original.jpg,54,129,72,111
13000085_modified.jpg,54,129,72,111
13000086_original.jpg,134,75,158,51
13000086_modified.jpg,134,75,158,51
13000086_original.jpg,447,358,467,338
13000086_modified.jpg,447,358,467,338
13000086_original.jpg,235,151,257,129
13000086_modified.jpg,235,151,257,129
13000086_original.jpg,364,358,382,340
13000086_modified.jpg,364,358,382,340
13000086_original.jpg,97,580,121,556
13000086_modified.jpg,97,580,121,556
13000086_original.jpg,27,366,51,342
13000086_modified.jpg,27,366,51,342
13000086_original.jpg,27,73,49,51
13000086_modified.jpg,27,73,49,51
13000087_original.jpg,56,553,76,533
13000087_modified.jpg,56,553,76,533
13000087_original.jpg,57,293,75,275
13000087_modified.jpg,57,293,75,275
13000087_original.jpg,281,376,299,358
13000087_modified.jpg,281,376,299,358
13000088_original.jpg,233,533,273,493
13000088_modified.jpg,233,533,273,493
13000088_original.jpg,472,464,512,424
13000088_modified.jpg,472,464,512,424
13000089_original.jpg,473,303,507,269
13000089_modified.jpg,473,303,507,269
13000090_original.jpg,93,238,113,218
13000090_modified.jpg,93,238,113,218
13000090_original.jpg,177,238,197,218
13000090_modified.jpg,177,238,197,218
13000090_original.jpg,558,560,580,538
13000090_modified.jpg,558,560,580,538
13000090_original.jpg,17,425,35,407
13000090_modified.jpg,17,425,35,407
13000091_original.jpg,503,535,527,511
13000091_modified.jpg,503,535,527,511
13000091_original.jpg,147,394,167,374
13000091_modified.jpg,147,394,167,374
13000091_original.jpg,339,535,361,513
13000091_modified.jpg,339,535,361,513
13000091_original.jpg,556,122,582,96
13000091_modified.jpg,556,122,582,96
13000091_original.jpg,19,314,39,294
13000091_modified.jpg,19,314,39,294
13000091_original.jpg,232,392,250,374
13000091_modified.jpg,232,392,250,374
13000092_original.jpg,194,89,220,63
13000092_modified.jpg,194,89,220,63
13000092_original.jpg,29,86,51,64
13000092_modified.jpg,29,86,51,64
13000093_original.jpg,223,579,245,557
13000093_modified.jpg,223,579,245,557
13000093_original.jpg,389,581,413,557
13000093_modified.jpg,389,581,413,557
13000094_original.jpg,158,549,180,527
13000094_modified.jpg,158,549,180,527
13000094_original.jpg,221,109,245,85
13000094_modified.jpg,221,109,245,85
13000094_original.jpg,388,109,412,85
13000094_modified.jpg,388,109,412,85
13000094_original.jpg,180,319,206,293
13000094_modified.jpg,180,319,206,293
13000094_original.jpg,431,319,457,293
13000094_modified.jpg,431,319,457,293
13000094_original.jpg,408,548,428,528
13000094_modified.jpg,408,548,428,528
13000097_original.jpg,153,624,175,602
13000097_modified.jpg,153,624,175,602
13000097_original.jpg,539,469,563,445
13000097_modified.jpg,539,469,563,445
13000097_original.jpg,542,560,564,538
13000097_modified.jpg,542,560,564,538
13000097_original.jpg,600,382,624,358
13000097_modified.jpg,600,382,624,358
13000098_original.jpg,154,187,176,165
13000098_modified.jpg,154,187,176,165
13000098_original.jpg,73,462,95,440
13000098_modified.jpg,73,462,95,440
13000098_original.jpg,236,289,258,267
13000098_modified.jpg,236,289,258,267
13000098_original.jpg,153,24,175,2
13000098_modified.jpg,153,24,175,2
13000098_original.jpg,487,289,509,267
13000098_modified.jpg,487,289,509,267
13000098_original.jpg,489,71,515,45
13000098_modified.jpg,489,71,515,45
13000099_original.jpg,277,595,299,573
13000099_modified.jpg,277,595,299,573
13000099_original.jpg,73,188,95,166
13000099_modified.jpg,73,188,95,166
13000099_original.jpg,610,594,630,574
13000099_modified.jpg,610,594,630,574
13000100_original.jpg,600,307,624,283
13000100_modified.jpg,600,307,624,283
13000100_original.jpg,12,354,34,332
13000100_modified.jpg,12,354,34,332
13000100_original.jpg,113,584,135,562
13000100_modified.jpg,113,584,135,562
13000100_original.jpg,601,397,623,375
13000100_modified.jpg,601,397,623,375
13000100_original.jpg,255,612,277,590
13000100_modified.jpg,255,612,277,590
13000100_original.jpg,98,307,122,283
13000100_modified.jpg,98,307,122,283
13000100_original.jpg,591,215,615,191
13000100_modified.jpg,591,215,615,191
13000100_original.jpg,610,119,632,97
13000100_modified.jpg,610,119,632,97
13000100_original.jpg,163,139,183,119
13000100_modified.jpg,163,139,183,119
13000100_original.jpg,79,138,97,120
13000100_modified.jpg,79,138,97,120
13000100_original.jpg,256,214,278,192
13000100_modified.jpg,256,214,278,192
13000100_original.jpg,278,119,300,97
13000100_modified.jpg,278,119,300,97
13000100_original.jpg,180,397,206,371
13000100_modified.jpg,180,397,206,371
13000100_original.jpg,186,486,206,466
13000100_modified.jpg,186,486,206,466
13000101_original.jpg,414,318,436,296
13000101_modified.jpg,414,318,436,296
13000101_original.jpg,600,301,624,277
13000101_modified.jpg,600,301,624,277
13000101_original.jpg,507,482,531,458
13000101_modified.jpg,507,482,531,458
13000101_original.jpg,600,464,624,440
13000101_modified.jpg,600,464,624,440
13000101_original.jpg,243,499,267,475
13000101_modified.jpg,243,499,267,475
13000101_original.jpg,554,117,576,95
13000101_modified.jpg,554,117,576,95
13000101_original.jpg,10,79,34,55
13000101_modified.jpg,10,79,34,55
13000101_original.jpg,216,117,242,91
13000101_modified.jpg,216,117,242,91
13000101_original.jpg,412,485,438,459
13000101_modified.jpg,412,485,438,459
13000101_original.jpg,113,147,135,125
13000101_modified.jpg,113,147,135,125
13000101_original.jpg,506,322,532,296
13000101_modified.jpg,506,322,532,296
13000101_original.jpg,77,496,99,474
13000101_modified.jpg,77,496,99,474
13000102_original.jpg,564,270,588,246
13000102_modified.jpg,564,270,588,246
13000102_original.jpg,40,541,62,519
13000102_modified.jpg,40,541,62,519
13000102_original.jpg,398,269,420,247
13000102_modified.jpg,398,269,420,247
13000102_original.jpg,39,380,63,356
13000102_modified.jpg,39,380,63,356
13000102_original.jpg,440,567,464,543
13000102_modified.jpg,440,567,464,543
13000102_original.jpg,397,366,423,340
13000102_modified.jpg,397,366,423,340
13000102_original.jpg,397,168,421,144
13000102_modified.jpg,397,168,421,144
13000102_original.jpg,566,166,588,144
13000102_modified.jpg,566,166,588,144
13000102_original.jpg,440,471,464,447
13000102_modified.jpg,440,471,464,447
13000102_original.jpg,208,566,234,540
13000102_modified.jpg,208,566,234,540
13000103_original.jpg,442,628,466,604
13000103_modified.jpg,442,628,466,604
13000103_original.jpg,150,616,174,592
13000103_modified.jpg,150,616,174,592
13000103_original.jpg,230,403,256,377
13000103_modified.jpg,230,403,256,377
13000103_original.jpg,564,399,588,375
13000103_modified.jpg,564,399,588,375
13000103_original.jpg,210,290,232,268
13000103_modified.jpg,210,290,232,268
13000103_original.jpg,243,515,265,493
13000103_modified.jpg,243,515,265,493
13000104_original.jpg,442,28,466,4
13000104_modified.jpg,442,28,466,4
13000104_original.jpg,245,239,267,217
13000104_modified.jpg,245,239,267,217
13000104_original.jpg,251,355,275,331
13000104_modified.jpg,251,355,275,331
13000104_original.jpg,151,286,173,264
13000104_modified.jpg,151,286,173,264
13000104_original.jpg,371,264,395,240
13000104_modified.jpg,371,264,395,240
13000104_original.jpg,442,191,466,167
13000104_modified.jpg,442,191,466,167
13000104_original.jpg,570,124,594,100
13000104_modified.jpg,570,124,594,100
13000104_original.jpg,151,175,171,155
13000104_modified.jpg,151,175,171,155
13000104_original.jpg,370,427,392,405
13000104_modified.jpg,370,427,392,405
13000104_original.jpg,572,284,592,264
13000104_modified.jpg,572,284,592,264
13000104_original.jpg,566,619,584,601
13000104_modified.jpg,566,619,584,601
13000105_original.jpg,152,95,174,73
13000105_modified.jpg,152,95,174,73
13000105_original.jpg,458,479,484,453
13000105_modified.jpg,458,479,484,453
13000105_original.jpg,252,82,276,58
13000105_modified.jpg,252,82,276,58
13000105_original.jpg,130,579,160,549
13000105_modified.jpg,130,579,160,549
13000105_original.jpg,566,19,584,1
13000105_modified.jpg,566,19,584,1
13000106_original.jpg,131,618,161,588
13000106_modified.jpg,131,618,161,588
13000106_original.jpg,455,611,485,581
13000106_modified.jpg,455,611,485,581
13000106_original.jpg,134,372,162,344
13000106_modified.jpg,134,372,162,344
13000106_original.jpg,134,220,162,192
13000106_modified.jpg,134,220,162,192
13000108_original.jpg,354,369,372,351
13000108_modified.jpg,354,369,372,351
13000108_original.jpg,615,370,635,350
13000108_modified.jpg,615,370,635,350
13000108_original.jpg,617,451,635,433
13000108_modified.jpg,617,451,635,433
13000108_original.jpg,208,247,230,225
13000108_modified.jpg,208,247,230,225
13000108_original.jpg,616,287,634,269
13000108_modified.jpg,616,287,634,269
13000108_original.jpg,615,535,635,515
13000108_modified.jpg,615,535,635,515
13000108_original.jpg,353,534,371,516
13000108_modified.jpg,353,534,371,516
13000108_original.jpg,205,613,229,589
13000108_modified.jpg,205,613,229,589
13000108_original.jpg,353,287,373,267
13000108_modified.jpg,353,287,373,267
13000108_original.jpg,352,454,374,432
13000108_modified.jpg,352,454,374,432
13000108_original.jpg,205,492,231,466
13000108_modified.jpg,205,492,231,466
13000108_original.jpg,540,611,560,591
13000108_modified.jpg,540,611,560,591
13000109_original.jpg,223,307,249,281
13000109_modified.jpg,223,307,249,281
13000109_original.jpg,539,123,565,97
13000109_modified.jpg,539,123,565,97
13000109_original.jpg,541,307,567,281
13000109_modified.jpg,541,307,567,281
13000109_original.jpg,223,121,247,97
13000109_modified.jpg,223,121,247,97
13000109_original.jpg,322,533,358,497
13000109_modified.jpg,322,533,358,497
13000109_original.jpg,514,612,534,592
13000109_modified.jpg,514,612,534,592
13000109_original.jpg,93,133,115,111
13000109_modified.jpg,93,133,115,111
13000109_original.jpg,92,537,118,511
13000109_modified.jpg,92,537,118,511
13000110_original.jpg,511,257,533,235
13000110_modified.jpg,511,257,533,235
13000115_original.jpg,437,197,461,173
13000115_modified.jpg,437,197,461,173
13000115_original.jpg,185,199,211,173
13000115_modified.jpg,185,199,211,173
13000115_original.jpg,185,376,207,354
13000115_modified.jpg,185,376,207,354
13000115_original.jpg,604,180,622,162
13000115_modified.jpg,604,180,622,162
13000115_original.jpg,506,150,542,114
13000115_modified.jpg,506,150,542,114
13000115_original.jpg,187,469,207,449
13000115_modified.jpg,187,469,207,449
13000115_original.jpg,0,382,24,358
13000115_modified.jpg,0,382,24,358
13000115_original.jpg,184,563,208,539
13000115_modified.jpg,184,563,208,539
13000118_original.jpg,0,307,24,283
13000118_modified.jpg,0,307,24,283
13000118_original.jpg,451,617,475,593
13000118_modified.jpg,451,617,475,593
13000118_original.jpg,1,397,23,375
13000118_modified.jpg,1,397,23,375
13000118_original.jpg,10,119,32,97
13000118_modified.jpg,10,119,32,97
13000118_original.jpg,447,420,471,396
13000118_modified.jpg,447,420,471,396
13000118_original.jpg,71,612,91,592
13000118_modified.jpg,71,612,91,592
13000118_original.jpg,259,390,283,366
13000118_modified.jpg,259,390,283,366
13000118_original.jpg,534,618,558,594
13000118_modified.jpg,534,618,558,594
13000118_original.jpg,86,489,112,463
13000118_modified.jpg,86,489,112,463
13000118_original.jpg,250,289,276,263
13000118_modified.jpg,250,289,276,263
13000119_original.jpg,169,634,193,610
13000119_modified.jpg,169,634,193,610
13000119_original.jpg,0,301,24,277
13000119_modified.jpg,0,301,24,277
13000119_original.jpg,0,464,24,440
13000119_modified.jpg,0,464,24,440
13000119_original.jpg,565,160,589,136
13000119_modified.jpg,565,160,589,136
13000119_original.jpg,264,600,284,580
13000119_modified.jpg,264,600,284,580
13000120_original.jpg,169,34,193,10
13000120_modified.jpg,169,34,193,10
13000120_original.jpg,506,271,530,247
13000120_modified.jpg,506,271,530,247
13000120_original.jpg,508,470,530,448
13000120_modified.jpg,508,470,530,448
13000120_original.jpg,132,364,156,340
13000120_modified.jpg,132,364,156,340
13000120_original.jpg,136,242,160,218
13000120_modified.jpg,136,242,160,218
13000120_original.jpg,494,362,516,340
13000120_modified.jpg,494,362,516,340
13000120_original.jpg,306,239,328,217
13000120_modified.jpg,306,239,328,217
13000120_original.jpg,241,363,267,337
13000120_modified.jpg,241,363,267,337
13000120_original.jpg,506,570,532,544
13000120_modified.jpg,506,570,532,544
13000121_original.jpg,311,67,333,45
13000121_modified.jpg,311,67,333,45
13000121_original.jpg,257,594,279,572
13000121_modified.jpg,257,594,279,572
13000121_original.jpg,607,543,631,519
13000121_modified.jpg,607,543,631,519
13000121_original.jpg,213,450,235,428
13000121_modified.jpg,213,450,235,428
13000121_original.jpg,506,594,530,570
13000121_modified.jpg,506,594,530,570
13000121_original.jpg,195,362,223,334
13000121_modified.jpg,195,362,223,334
13000121_original.jpg,310,228,330,208
13000121_modified.jpg,310,228,330,208
13000122_original.jpg,97,136,121,112
13000122_modified.jpg,97,136,121,112
13000122_original.jpg,609,104,631,82
13000122_modified.jpg,609,104,631,82
13000122_original.jpg,183,135,205,113
13000122_modified.jpg,183,135,205,113
13000123_original.jpg,398,460,420,438
13000123_modified.jpg,398,460,420,438
13000123_original.jpg,179,541,201,519
13000123_modified.jpg,179,541,201,519
13000123_original.jpg,179,460,201,438
13000123_modified.jpg,179,460,201,438
13000123_original.jpg,399,538,419,518
13000123_modified.jpg,399,538,419,518
13000123_original.jpg,618,541,640,519
13000123_modified.jpg,618,541,640,519
13000123_original.jpg,620,455,638,437
13000123_modified.jpg,620,455,638,437
13000124_original.jpg,398,594,422,570
13000124_modified.jpg,398,594,422,570
13000124_original.jpg,397,184,419,162
13000124_modified.jpg,397,184,419,162
13000124_original.jpg,180,350,202,328
13000124_modified.jpg,180,350,202,328
13000124_original.jpg,177,187,201,163
13000124_modified.jpg,177,187,201,163
13000124_original.jpg,400,348,422,326
13000124_modified.jpg,400,348,422,326
13000124_original.jpg,618,181,638,161
13000124_modified.jpg,618,181,638,161
13000124_original.jpg,184,592,202,574
13000124_modified.jpg,184,592,202,574
13000125_original.jpg,579,303,611,271
13000125_modified.jpg,579,303,611,271
13000125_original.jpg,181,74,203,52
13000125_modified.jpg,181,74,203,52
13000125_original.jpg,399,73,419,53
13000125_modified.jpg,399,73,419,53
13000126_original.jpg,15,370,35,350
13000126_modified.jpg,15,370,35,350
13000126_original.jpg,17,451,35,433
13000126_modified.jpg,17,451,35,433
13000126_original.jpg,149,358,173,334
13000126_modified.jpg,149,358,173,334
13000126_original.jpg,16,287,34,269
13000126_modified.jpg,16,287,34,269
13000126_original.jpg,15,535,35,515
13000126_modified.jpg,15,535,35,515
13000126_original.jpg,534,422,552,404
13000126_modified.jpg,534,422,552,404
13000126_original.jpg,294,385,312,367
13000126_modified.jpg,294,385,312,367
13000126_original.jpg,294,466,312,448
13000126_modified.jpg,294,466,312,448
13000126_original.jpg,149,195,173,171
13000126_modified.jpg,149,195,173,171
13000126_original.jpg,582,188,600,170
13000126_modified.jpg,582,188,600,170
13000126_original.jpg,573,282,597,258
13000126_modified.jpg,573,282,597,258
13000126_original.jpg,409,188,431,166
13000126_modified.jpg,409,188,431,166
13000126_original.jpg,410,282,430,262
13000126_modified.jpg,410,282,430,262
13000126_original.jpg,615,424,635,404
13000126_modified.jpg,615,424,635,404
13000127_original.jpg,141,291,167,265
13000127_modified.jpg,141,291,167,265
13000127_original.jpg,460,100,486,74
13000127_modified.jpg,460,100,486,74
13000127_original.jpg,458,291,486,263
13000127_modified.jpg,458,291,486,263
13000127_original.jpg,83,531,121,493
13000127_modified.jpg,83,531,121,493
13000127_original.jpg,141,103,169,75
13000127_modified.jpg,141,103,169,75
13000127_original.jpg,281,458,303,436
13000127_modified.jpg,281,458,303,436
13000132_original.jpg,582,300,604,278
13000132_modified.jpg,582,300,604,278
13000133_original.jpg,89,48,117,20
13000133_modified.jpg,89,48,117,20
13000133_original.jpg,252,182,274,160
13000133_modified.jpg,252,182,274,160
13000133_original.jpg,4,180,22,162
13000133_modified.jpg,4,180,22,162
13000133_original.jpg,251,470,275,446
13000133_modified.jpg,251,470,275,446
13000133_original.jpg,252,378,276,354
13000133_modified.jpg,252,378,276,354
13000133_original.jpg,254,564,276,542
13000133_modified.jpg,254,564,276,542
13000133_original.jpg,582,190,606,166
13000133_modified.jpg,582,190,606,166
13000135_original.jpg,364,640,390,614
13000135_modified.jpg,364,640,390,614
13000135_original.jpg,489,640,515,614
13000135_modified.jpg,489,640,515,614
13000136_original.jpg,99,419,121,397
13000136_modified.jpg,99,419,121,397
13000136_original.jpg,364,40,390,14
13000136_modified.jpg,364,40,390,14
13000136_original.jpg,489,40,515,14
13000136_modified.jpg,489,40,515,14
13000136_original.jpg,158,509,186,481
13000136_modified.jpg,158,509,186,481
13000136_original.jpg,490,515,524,481
13000136_modified.jpg,490,515,524,481
13000136_original.jpg,488,288,510,266
13000136_modified.jpg,488,288,510,266
13000136_original.jpg,106,639,124,621
13000136_modified.jpg,106,639,124,621
13000137_original.jpg,546,278,576,248
13000137_modified.jpg,546,278,576,248
13000137_original.jpg,364,637,386,615
13000137_modified.jpg,364,637,386,615
13000137_original.jpg,90,430,120,400
13000137_modified.jpg,90,430,120,400
13000137_original.jpg,101,42,125,18
13000137_modified.jpg,101,42,125,18
13000137_original.jpg,280,639,304,615
13000137_modified.jpg,280,639,304,615
13000137_original.jpg,87,586,111,562
13000137_modified.jpg,87,586,111,562
13000137_original.jpg,434,81,454,61
13000137_modified.jpg,434,81,454,61
13000137_original.jpg,516,82,536,62
13000137_modified.jpg,516,82,536,62
13000137_original.jpg,351,42,373,20
13000137_modified.jpg,351,42,373,20
13000137_original.jpg,46,278,74,250
13000137_modified.jpg,46,278,74,250
13000137_original.jpg,419,543,443,519
13000137_modified.jpg,419,543,443,519
13000137_original.jpg,588,428,622,394
13000137_modified.jpg,588,428,622,394
13000137_original.jpg,382,158,406,134
13000137_modified.jpg,382,158,406,134
13000137_original.jpg,587,544,609,522
13000137_modified.jpg,587,544,609,522
13000138_original.jpg,364,37,386,15
13000138_modified.jpg,364,37,386,15
13000138_original.jpg,88,68,112,44
13000138_modified.jpg,88,68,112,44
13000138_original.jpg,280,39,304,15
13000138_modified.jpg,280,39,304,15
13000138_original.jpg,159,268,179,248
13000138_modified.jpg,159,268,179,248
13000138_original.jpg,510,357,532,335
13000138_modified.jpg,510,357,532,335
13000138_original.jpg,137,426,157,406
13000138_modified.jpg,137,426,157,406
13000138_original.jpg,54,427,74,407
13000138_modified.jpg,54,427,74,407
13000138_original.jpg,343,359,365,337
13000138_modified.jpg,343,359,365,337
13000138_original.jpg,89,150,107,132
13000138_modified.jpg,89,150,107,132
13000139_original.jpg,30,449,52,427
13000139_modified.jpg,30,449,52,427
13000139_original.jpg,468,172,490,150
13000139_modified.jpg,468,172,490,150
13000139_original.jpg,133,174,157,150
13000139_modified.jpg,133,174,157,150
13000139_original.jpg,7,543,31,519
13000139_modified.jpg,7,543,31,519
13000139_original.jpg,96,359,120,335
13000139_modified.jpg,96,359,120,335
13000139_original.jpg,467,77,491,53
13000139_modified.jpg,467,77,491,53
13000139_original.jpg,177,614,199,592
13000139_modified.jpg,177,614,199,592
13000139_original.jpg,45,83,71,57
13000139_modified.jpg,45,83,71,57
13000139_original.jpg,221,290,247,264
13000139_modified.jpg,221,290,247,264
13000139_original.jpg,47,244,69,222
13000139_modified.jpg,47,244,69,222
13000139_original.jpg,178,534,200,512
13000139_modified.jpg,178,534,200,512
13000139_original.jpg,390,289,412,267
13000139_modified.jpg,390,289,412,267
13000139_original.jpg,134,78,160,52
13000139_modified.jpg,134,78,160,52
13000140_original.jpg,9,104,31,82
13000140_modified.jpg,9,104,31,82
13000140_original.jpg,136,321,166,291
13000140_modified.jpg,136,321,166,291
13000140_original.jpg,134,489,170,453
13000140_modified.jpg,134,489,170,453
13000141_original.jpg,132,50,166,16
13000141_modified.jpg,132,50,166,16
13000141_original.jpg,16,458,38,436
13000141_modified.jpg,16,458,38,436
13000141_original.jpg,18,541,40,519
13000141_modified.jpg,18,541,40,519
13000142_original.jpg,18,348,40,326
13000142_modified.jpg,18,348,40,326
13000142_original.jpg,17,593,43,567
13000142_modified.jpg,17,593,43,567
13000142_original.jpg,18,182,38,162
13000142_modified.jpg,18,182,38,162
13000143_original.jpg,17,76,41,52
13000143_modified.jpg,17,76,41,52
13000144_original.jpg,169,267,189,247
13000144_modified.jpg,169,267,189,247
13000144_original.jpg,169,185,187,167
13000144_modified.jpg,169,185,187,167
13000144_original.jpg,15,424,35,404
13000144_modified.jpg,15,424,35,404
13000145_original.jpg,84,218,106,196
13000145_modified.jpg,84,218,106,196
13000145_original.jpg,181,576,205,552
13000145_modified.jpg,181,576,205,552
13000145_original.jpg,431,576,451,556
13000145_modified.jpg,431,576,451,556
13000146_original.jpg,429,142,453,118
13000146_modified.jpg,429,142,453,118
13000146_original.jpg,181,139,203,117
13000146_modified.jpg,181,139,203,117
13000148_original.jpg,363,467,385,445
13000148_modified.jpg,363,467,385,445
13000148_original.jpg,361,276,383,254
13000148_modified.jpg,361,276,383,254
13000148_original.jpg,365,371,385,351
13000148_modified.jpg,365,371,385,351
13000153_original.jpg,591,573,615,549
13000153_modified.jpg,591,573,615,549
13000153_original.jpg,447,617,475,589
13000153_modified.jpg,447,617,475,589
13000153_original.jpg,140,640,166,614
13000153_modified.jpg,140,640,166,614
13000153_original.jpg,130,380,156,354
13000153_modified.jpg,130,380,156,354
13000154_original.jpg,266,39,292,13
13000154_modified.jpg,266,39,292,13
13000154_original.jpg,447,180,475,152
13000154_modified.jpg,447,180,475,152
13000154_original.jpg,140,40,166,14
13000154_modified.jpg,140,40,166,14
13000154_original.jpg,522,320,554,288
13000154_modified.jpg,522,320,554,288
13000154_original.jpg,362,471,378,455
13000154_modified.jpg,362,471,378,455
13000154_original.jpg,592,215,614,193
13000154_modified.jpg,592,215,614,193
13000154_original.jpg,99,471,115,455
13000154_modified.jpg,99,471,115,455
13000155_original.jpg,427,543,453,517
13000155_modified.jpg,427,543,453,517
13000155_original.jpg,160,544,186,518
13000155_modified.jpg,160,544,186,518
13000155_original.jpg,294,543,320,517
13000155_modified.jpg,294,543,320,517
13000155_original.jpg,561,543,587,517
13000155_modified.jpg,561,543,587,517
13000155_original.jpg,560,209,586,183
13000155_modified.jpg,560,209,586,183
13000155_original.jpg,428,208,454,182
13000155_modified.jpg,428,208,454,182
13000155_original.jpg,159,208,185,182
13000155_modified.jpg,159,208,185,182
13000155_original.jpg,293,208,319,182
13000155_modified.jpg,293,208,319,182
13000155_original.jpg,524,41,554,11
13000155_modified.jpg,524,41,554,11
13000156_original.jpg,190,185,232,143
13000156_modified.jpg,190,185,232,143
13000156_original.jpg,89,558,109,538
13000156_modified.jpg,89,558,109,538
13000156_original.jpg,356,474,374,456
13000156_modified.jpg,356,474,374,456
13000156_original.jpg,89,475,109,455
13000156_modified.jpg,89,475,109,455
13000156_original.jpg,355,558,375,538
13000156_modified.jpg,355,558,375,538
13000157_original.jpg,25,143,57,111
13000157_modified.jpg,25,143,57,111
13000157_original.jpg,27,390,59,358
13000157_modified.jpg,27,390,59,358
13000158_original.jpg,493,234,523,204
13000158_modified.jpg,493,234,523,204
13000158_original.jpg,305,255,337,223
13000158_modified.jpg,305,255,337,223
13000158_original.jpg,57,255,85,227
13000158_modified.jpg,57,255,85,227
13000160_original.jpg,523,626,545,604
13000160_modified.jpg,523,626,545,604
13000160_original.jpg,521,383,545,359
13000160_modified.jpg,521,383,545,359
13000160_original.jpg,520,229,542,207
13000160_modified.jpg,520,229,542,207
13000161_original.jpg,385,512,425,472
13000161_modified.jpg,385,512,425,472
13000161_original.jpg,523,26,545,4
13000161_modified.jpg,523,26,545,4
13000161_original.jpg,521,107,543,85
13000161_modified.jpg,521,107,543,85
13000162_original.jpg,166,582,212,536
13000162_modified.jpg,166,582,212,536
13000162_original.jpg,206,470,244,432
13000162_modified.jpg,206,470,244,432
13000163_original.jpg,154,498,190,462
13000163_modified.jpg,154,498,190,462
13000163_original.jpg,233,218,257,194
13000163_modified.jpg,233,218,257,194
13000164_original.jpg,274,79,296,57
13000164_modified.jpg,274,79,296,57
13000164_original.jpg,82,243,104,221
13000164_modified.jpg,82,243,104,221
13000165_original.jpg,83,53,109,27
13000165_modified.jpg,83,53,109,27
13000165_original.jpg,276,293,298,271
13000165_modified.jpg,276,293,298,271
13000166_original.jpg,261,371,283,349
13000166_modified.jpg,261,371,283,349
13000166_original.jpg,260,468,282,446
13000166_modified.jpg,260,468,282,446
13000166_original.jpg,258,280,284,254
13000166_modified.jpg,258,280,284,254
13000172_original.jpg,279,181,301,159
13000172_modified.jpg,279,181,301,159
13000173_original.jpg,94,543,120,517
13000173_modified.jpg,94,543,120,517
13000173_original.jpg,93,209,119,183
13000173_modified.jpg,93,209,119,183
13000173_original.jpg,279,234,303,210
13000173_modified.jpg,279,234,303,210
13000173_original.jpg,282,308,302,288
13000173_modified.jpg,282,308,302,288
13000174_original.jpg,90,186,132,144
13000174_modified.jpg,90,186,132,144
13000174_original.jpg,281,361,303,339
13000174_modified.jpg,281,361,303,339
13000175_original.jpg,99,388,131,356
13000175_modified.jpg,99,388,131,356
13000175_original.jpg,264,143,298,109
13000175_modified.jpg,264,143,298,109
13000175_original.jpg,100,142,132,110
13000175_modified.jpg,100,142,132,110
13000175_original.jpg,265,388,297,356
13000175_modified.jpg,265,388,297,356
13000176_original.jpg,224,233,254,203
13000176_modified.jpg,224,233,254,203
13000177_original.jpg,262,189,292,159
13000177_modified.jpg,262,189,292,159
13000177_original.jpg,283,475,309,449
13000177_modified.jpg,283,475,309,449
13000177_original.jpg,137,504,159,482
13000177_modified.jpg,137,504,159,482
13000177_original.jpg,138,586,160,564
13000177_modified.jpg,138,586,160,564
13000178_original.jpg,140,625,162,603
13000178_modified.jpg,140,625,162,603
13000178_original.jpg,138,232,164,206
13000178_modified.jpg,138,232,164,206
13000178_original.jpg,287,521,307,501
13000178_modified.jpg,287,521,307,501
13000178_original.jpg,137,382,165,354
13000178_modified.jpg,137,382,165,354
13000179_original.jpg,139,108,163,84
13000179_modified.jpg,139,108,163,84
13000179_original.jpg,140,25,162,3
13000179_modified.jpg,140,25,162,3
13000180_original.jpg,587,138,625,100
13000180_modified.jpg,587,138,625,100
13000180_original.jpg,465,526,487,504
13000180_modified.jpg,465,526,487,504
13000180_original.jpg,466,607,488,585
13000180_modified.jpg,466,607,488,585
13000180_original.jpg,246,608,268,586
13000180_modified.jpg,246,608,268,586
13000180_original.jpg,242,527,268,501
13000180_modified.jpg,242,527,268,501
13000181_original.jpg,465,251,489,227
13000181_modified.jpg,465,251,489,227
13000181_original.jpg,99,110,119,90
13000181_modified.jpg,99,110,119,90
13000181_original.jpg,246,249,268,227
13000181_modified.jpg,246,249,268,227
13000181_original.jpg,466,407,492,381
13000181_modified.jpg,466,407,492,381
13000181_original.jpg,250,404,268,386
13000181_modified.jpg,250,404,268,386
13000182_original.jpg,248,47,270,25
13000182_modified.jpg,248,47,270,25
13000182_original.jpg,99,162,121,140
13000182_modified.jpg,99,162,121,140
13000182_original.jpg,468,129,488,109
13000182_modified.jpg,468,129,488,109
13000182_original.jpg,113,451,145,419
13000182_modified.jpg,113,451,145,419
13000182_original.jpg,249,129,271,107
13000182_modified.jpg,249,129,271,107
13000182_original.jpg,469,47,489,27
13000182_modified.jpg,469,47,489,27
13000183_original.jpg,154,404,182,376
13000183_modified.jpg,154,404,182,376
13000183_original.jpg,484,406,518,372
13000183_modified.jpg,484,406,518,372
13000184_original.jpg,277,253,309,221
13000184_modified.jpg,277,253,309,221
13000184_original.jpg,276,500,310,466
13000184_modified.jpg,276,500,310,466
13000184_original.jpg,107,254,141,220
13000184_modified.jpg,107,254,141,220
13000184_original.jpg,108,498,140,466
13000184_modified.jpg,108,498,140,466
13000185_original.jpg,274,465,316,423
13000185_modified.jpg,274,465,316,423
13000185_original.jpg,102,271,126,247
13000185_modified.jpg,102,271,126,247
13000186_original.jpg,556,92,584,64
13000186_modified.jpg,556,92,584,64
13000186_original.jpg,289,92,315,66
13000186_modified.jpg,289,92,315,66
13000186_original.jpg,422,427,448,401
13000186_modified.jpg,422,427,448,401
13000186_original.jpg,421,93,449,65
13000186_modified.jpg,421,93,449,65
13000186_original.jpg,556,428,584,400
13000186_modified.jpg,556,428,584,400
13000186_original.jpg,455,597,483,569
13000186_modified.jpg,455,597,483,569
13000186_original.jpg,104,399,126,377
13000186_modified.jpg,104,399,126,377
13000186_original.jpg,289,427,317,399
13000186_modified.jpg,289,427,317,399
13000186_original.jpg,104,323,128,299
13000186_modified.jpg,104,323,128,299
13000187_original.jpg,535,621,563,593
13000187_modified.jpg,535,621,563,593
13000187_original.jpg,457,323,487,293
13000187_modified.jpg,457,323,487,293
13000187_original.jpg,534,458,562,430
13000187_modified.jpg,534,458,562,430
13000187_original.jpg,398,415,418,395
13000187_modified.jpg,398,415,418,395
13000187_original.jpg,109,449,127,431
13000187_modified.jpg,109,449,127,431
13000188_original.jpg,271,255,295,231
13000188_modified.jpg,271,255,295,231
13000188_original.jpg,393,60,419,34
13000188_modified.jpg,393,60,419,34
13000193_original.jpg,122,165,146,141
13000193_modified.jpg,122,165,146,141
13000193_original.jpg,123,261,147,237
13000193_modified.jpg,123,261,147,237
13000193_original.jpg,125,356,147,334
13000193_modified.jpg,125,356,147,334
13000194_original.jpg,108,339,130,317
13000194_modified.jpg,108,339,130,317
13000194_original.jpg,301,587,327,561
13000194_modified.jpg,301,587,327,561
13000195_original.jpg,559,490,581,468
13000195_modified.jpg,559,490,581,468
13000195_original.jpg,109,554,131,532
13000195_modified.jpg,109,554,131,532
13000195_original.jpg,302,389,322,369
13000195_modified.jpg,302,389,322,369
13000196_original.jpg,151,415,177,389
13000196_modified.jpg,151,415,177,389
13000196_original.jpg,557,55,581,31
13000196_modified.jpg,557,55,581,31
13000203_original.jpg,35,154,55,134
13000203_modified.jpg,35,154,55,134
13000203_original.jpg,35,70,53,52
13000203_modified.jpg,35,70,53,52
13000204_original.jpg,90,92,118,64
13000204_modified.jpg,90,92,118,64
13000204_original.jpg,91,427,119,399
13000204_modified.jpg,91,427,119,399
13000205_original.jpg,119,597,145,571
13000205_modified.jpg,119,597,145,571
13000205_original.jpg,32,319,48,303
13000205_modified.jpg,32,319,48,303
13000205_original.jpg,31,238,49,220
13000205_modified.jpg,31,238,49,220
13000205_original.jpg,30,71,48,53
13000205_modified.jpg,30,71,48,53
13000205_original.jpg,29,156,47,138
13000205_modified.jpg,29,156,47,138
90100017_original.jpg,211,251,247,215
90100017_modified.jpg,211,251,247,215
90100017_original.jpg,226,101,254,73
90100017_modified.jpg,226,101,254,73
90100017_original.jpg,176,506,194,488
90100017_modified.jpg,176,506,194,488
90100017_original.jpg,379,598,403,574
90100017_modified.jpg,379,598,403,574
90100017_original.jpg,81,241,115,207
90100017_modified.jpg,81,241,115,207
90100017_original.jpg,85,335,103,317
90100017_modified.jpg,85,335,103,317
90100017_original.jpg,420,619,444,595
90100017_modified.jpg,420,619,444,595
90100017_original.jpg,230,70,250,50
90100017_modified.jpg,230,70,250,50
90100017_original.jpg,353,423,377,399
90100017_modified.jpg,353,423,377,399
90100017_original.jpg,274,420,300,394
90100017_modified.jpg,274,420,300,394
90100017_original.jpg,330,579,356,553
90100017_modified.jpg,330,579,356,553
90100017_original.jpg,358,576,380,554
90100017_modified.jpg,358,576,380,554
90100017_original.jpg,167,419,199,387
90100017_modified.jpg,167,419,199,387
90100017_original.jpg,322,486,342,466
90100017_modified.jpg,322,486,342,466
90100017_original.jpg,146,351,180,317
90100017_modified.jpg,146,351,180,317
90100017_original.jpg,380,466,404,442
90100017_modified.jpg,380,466,404,442
90100017_original.jpg,258,146,290,114
90100017_modified.jpg,258,146,290,114
90100017_original.jpg,453,638,473,618
90100017_modified.jpg,453,638,473,618
90100017_original.jpg,219,283,239,263
90100017_modified.jpg,219,283,239,263
90100017_original.jpg,284,289,310,263
90100017_modified.jpg,284,289,310,263
90100018_original.jpg,402,286,426,262
90100018_modified.jpg,402,286,426,262
90100018_original.jpg,549,132,571,110
90100018_modified.jpg,549,132,571,110
90100018_original.jpg,422,260,446,236
90100018_modified.jpg,422,260,446,236
90100018_original.jpg,613,205,637,181
90100018_modified.jpg,613,205,637,181
90100018_original.jpg,477,64,501,40
90100018_modified.jpg,477,64,501,40
90100018_original.jpg,392,424,418,398
90100018_modified.jpg,392,424,418,398
90100018_original.jpg,448,40,472,16
90100018_modified.jpg,448,40,472,16
90100018_original.jpg,-14,471,20,437
90100018_modified.jpg,-14,471,20,437
90100018_original.jpg,502,116,528,90
90100018_modified.jpg,502,116,528,90
90100018_original.jpg,580,146,604,122
90100018_modified.jpg,580,146,604,122
90100018_original.jpg,111,117,133,95
90100018_modified.jpg,111,117,133,95
90100020_original.jpg,78,319,102,295
90100020_modified.jpg,78,319,102,295
90100020_original.jpg,604,233,630,207
90100020_modified.jpg,604,233,630,207
90100020_original.jpg,458,613,480,591
90100020_modified.jpg,458,613,480,591
90100020_original.jpg,122,344,146,320
90100020_modified.jpg,122,344,146,320
90100020_original.jpg,101,277,125,253
90100020_modified.jpg,101,277,125,253
90100020_original.jpg,249,153,285,117
90100020_modified.jpg,249,153,285,117
90100020_original.jpg,531,59,555,35
90100020_modified.jpg,531,59,555,35
90100020_original.jpg,354,286,382,258
90100020_modified.jpg,354,286,382,258
90100020_original.jpg,507,637,531,613
90100020_modified.jpg,507,637,531,613
90100020_original.jpg,55,276,79,252
90100020_modified.jpg,55,276,79,252
90100020_original.jpg,70,42,104,8
90100020_modified.jpg,70,42,104,8
90100020_original.jpg,146,309,170,285
90100020_modified.jpg,146,309,170,285
90100020_original.jpg,555,86,579,62
90100020_modified.jpg,555,86,579,62
90100020_original.jpg,485,557,513,529
90100020_modified.jpg,485,557,513,529
90100020_original.jpg,483,633,511,605
90100020_modified.jpg,483,633,511,605
90100020_original.jpg,465,533,485,513
90100020_modified.jpg,465,533,485,513
90100020_original.jpg,3,384,23,364
90100020_modified.jpg,3,384,23,364
90100020_original.jpg,104,189,122,171
90100020_modified.jpg,104,189,122,171
90100020_original.jpg,195,129,221,103
90100020_modified.jpg,195,129,221,103
90100020_original.jpg,279,215,301,193
90100020_modified.jpg,279,215,301,193
90100020_original.jpg,417,84,443,58
90100020_modified.jpg,417,84,443,58
90100020_original.jpg,319,219,347,191
90100020_modified.jpg,319,219,347,191
90100022_original.jpg,436,175,460,151
90100022_modified.jpg,436,175,460,151
90100022_original.jpg,246,304,270,280
90100022_modified.jpg,246,304,270,280
90100022_original.jpg,308,111,336,83
90100022_modified.jpg,308,111,336,83
90100022_original.jpg,213,449,237,425
90100022_modified.jpg,213,449,237,425
90100022_original.jpg,170,488,196,462
90100022_modified.jpg,170,488,196,462
90100022_original.jpg,373,427,397,403
90100022_modified.jpg,373,427,397,403
90100022_original.jpg,477,380,499,358
90100022_modified.jpg,477,380,499,358
90100022_original.jpg,502,173,526,149
90100022_modified.jpg,502,173,526,149
90100022_original.jpg,7,285,27,265
90100022_modified.jpg,7,285,27,265
90100022_original.jpg,323,71,355,39
90100022_modified.jpg,323,71,355,39
90100022_original.jpg,116,224,136,204
90100022_modified.jpg,116,224,136,204
90100026_original.jpg,393,126,427,92
90100026_modified.jpg,393,126,427,92
90100026_original.jpg,187,320,211,296
90100026_modified.jpg,187,320,211,296
90100026_original.jpg,356,282,380,258
90100026_modified.jpg,356,282,380,258
90100026_original.jpg,59,195,77,177
90100026_modified.jpg,59,195,77,177
90100026_original.jpg,26,229,50,205
90100026_modified.jpg,26,229,50,205
90100026_original.jpg,158,285,176,267
90100026_modified.jpg,158,285,176,267
90100026_original.jpg,13,205,37,181
90100026_modified.jpg,13,205,37,181
90100026_original.jpg,457,278,481,254
90100026_modified.jpg,457,278,481,254
90100026_original.jpg,563,625,587,601
90100026_modified.jpg,563,625,587,601
90100026_original.jpg,156,368,180,344
90100026_modified.jpg,156,368,180,344
90100026_original.jpg,310,163,334,139
90100026_modified.jpg,310,163,334,139
90100026_original.jpg,485,628,517,596
90100026_modified.jpg,485,628,517,596
90100026_original.jpg,175,211,193,193
90100026_modified.jpg,175,211,193,193
90100026_original.jpg,576,516,608,484
90100026_modified.jpg,576,516,608,484
90100026_original.jpg,392,633,416,609
90100026_modified.jpg,392,633,416,609
90100026_original.jpg,576,453,600,429
90100026_modified.jpg,576,453,600,429
90100026_original.jpg,403,262,431,234
90100026_modified.jpg,403,262,431,234
90100026_original.jpg,598,584,616,566
90100026_modified.jpg,598,584,616,566
90100027_original.jpg,94,635,116,613
90100027_modified.jpg,94,635,116,613
90100027_original.jpg,326,566,350,542
90100027_modified.jpg,326,566,350,542
90100027_original.jpg,447,492,483,456
90100027_modified.jpg,447,492,483,456
90100027_original.jpg,504,285,532,257
90100027_modified.jpg,504,285,532,257
90100027_original.jpg,250,83,272,61
90100027_modified.jpg,250,83,272,61
90100027_original.jpg,382,545,400,527
90100027_modified.jpg,382,545,400,527
90100027_original.jpg,360,637,384,613
90100027_modified.jpg,360,637,384,613
90100027_original.jpg,25,181,47,159
90100027_modified.jpg,25,181,47,159
90100027_original.jpg,63,241,87,217
90100027_modified.jpg,63,241,87,217
90100027_original.jpg,556,475,574,457
90100027_modified.jpg,556,475,574,457
90100027_original.jpg,448,48,476,20
90100027_modified.jpg,448,48,476,20
90100027_original.jpg,488,68,516,40
90100027_modified.jpg,488,68,516,40
90100027_original.jpg,397,530,423,504
90100027_modified.jpg,397,530,423,504
90100027_original.jpg,23,295,49,269
90100027_modified.jpg,23,295,49,269
90100027_original.jpg,469,362,493,338
90100027_modified.jpg,469,362,493,338
90100027_original.jpg,398,434,420,412
90100027_modified.jpg,398,434,420,412
90100027_original.jpg,417,544,435,526
90100027_modified.jpg,417,544,435,526
90100027_original.jpg,277,133,305,105
90100027_modified.jpg,277,133,305,105
90100027_original.jpg,449,93,477,65
90100027_modified.jpg,449,93,477,65
90100027_original.jpg,381,580,399,562
90100027_modified.jpg,381,580,399,562
90100027_original.jpg,382,474,400,456
90100027_modified.jpg,382,474,400,456
90100027_original.jpg,277,45,303,19
90100027_modified.jpg,277,45,303,19
90100027_original.jpg,278,473,300,451
90100027_modified.jpg,278,473,300,451
90100027_original.jpg,521,475,539,457
90100027_modified.jpg,521,475,539,457
90100027_original.jpg,360,602,384,578
90100027_modified.jpg,360,602,384,578
90100027_original.jpg,311,508,329,490
90100027_modified.jpg,311,508,329,490
90100027_original.jpg,486,581,504,563
90100027_modified.jpg,486,581,504,563
90100027_original.jpg,311,613,327,597
90100027_modified.jpg,311,613,327,597
90100027_original.jpg,24,214,50,188
90100027_modified.jpg,24,214,50,188
90100027_original.jpg,569,532,593,508
90100027_modified.jpg,569,532,593,508
90100027_original.jpg,500,496,524,472
90100027_modified.jpg,500,496,524,472
90100027_original.jpg,451,546,469,528
90100027_modified.jpg,451,546,469,528
90100027_original.jpg,555,545,573,527
90100027_modified.jpg,555,545,573,527
90100027_original.jpg,590,510,608,492
90100027_modified.jpg,590,510,608,492
90100027_original.jpg,418,472,434,456
90100027_modified.jpg,418,472,434,456
90100027_original.jpg,504,331,532,303
90100027_modified.jpg,504,331,532,303
90100027_original.jpg,501,530,525,506
90100027_modified.jpg,501,530,525,506
90100027_original.jpg,287,612,311,588
90100027_modified.jpg,287,612,311,588
90100027_original.jpg,416,615,434,597
90100027_modified.jpg,416,615,434,597
90100027_original.jpg,536,566,562,540
90100027_modified.jpg,536,566,562,540
90100027_original.jpg,569,638,595,612
90100027_modified.jpg,569,638,595,612
90100027_original.jpg,89,165,113,141
90100027_modified.jpg,89,165,113,141
90100027_original.jpg,500,562,522,540
90100027_modified.jpg,500,562,522,540
90100027_original.jpg,486,473,504,455
90100027_modified.jpg,486,473,504,455
90100027_original.jpg,555,509,573,491
90100027_modified.jpg,555,509,573,491
90100027_original.jpg,383,507,399,491
90100027_modified.jpg,383,507,399,491
90100027_original.jpg,535,603,561,577
90100027_modified.jpg,535,603,561,577
90100027_original.jpg,535,533,559,509
90100027_modified.jpg,535,533,559,509
90100027_original.jpg,520,580,538,562
90100027_modified.jpg,520,580,538,562
90100027_original.jpg,349,473,365,457
90100027_modified.jpg,349,473,365,457
90100027_original.jpg,497,603,523,577
90100027_modified.jpg,497,603,523,577
90100027_original.jpg,346,580,366,560
90100027_modified.jpg,346,580,366,560
90100027_original.jpg,348,544,366,526
90100027_modified.jpg,348,544,366,526
90100027_original.jpg,521,545,539,527
90100027_modified.jpg,521,545,539,527
90100027_original.jpg,312,543,328,527
90100027_modified.jpg,312,543,328,527
90100027_original.jpg,166,585,192,559
90100027_modified.jpg,166,585,192,559
90100027_original.jpg,492,24,516,0
90100027_modified.jpg,492,24,516,0
90100027_original.jpg,95,133,119,109
90100027_modified.jpg,95,133,119,109
90100027_original.jpg,413,142,433,122
90100027_modified.jpg,413,142,433,122
90100027_original.jpg,292,634,310,616
90100027_modified.jpg,292,634,310,616
90100027_original.jpg,487,544,503,528
90100027_modified.jpg,487,544,503,528
90100027_original.jpg,392,33,416,9
90100027_modified.jpg,392,33,416,9
90100027_original.jpg,289,563,311,541
90100027_modified.jpg,289,563,311,541
90100027_original.jpg,348,510,366,492
90100027_modified.jpg,348,510,366,492
90100027_original.jpg,279,90,305,64
90100027_modified.jpg,279,90,305,64
90100027_original.jpg,396,603,420,579
90100027_modified.jpg,396,603,420,579
90100027_original.jpg,399,565,423,541
90100027_modified.jpg,399,565,423,541
90100027_original.jpg,397,637,421,613
90100027_modified.jpg,397,637,421,613
90100027_original.jpg,277,281,297,261
90100027_modified.jpg,277,281,297,261
90100027_original.jpg,325,637,353,609
90100027_modified.jpg,325,637,353,609
90100027_original.jpg,571,567,597,541
90100027_modified.jpg,571,567,597,541
90100027_original.jpg,569,497,593,473
90100027_modified.jpg,569,497,593,473
90100027_original.jpg,23,434,45,412
90100027_modified.jpg,23,434,45,412
90100027_original.jpg,71,190,91,170
90100027_modified.jpg,71,190,91,170
90100027_original.jpg,431,599,451,579
90100027_modified.jpg,431,599,451,579
90100027_original.jpg,284,501,308,477
90100027_modified.jpg,284,501,308,477
90100027_original.jpg,361,563,383,541
90100027_modified.jpg,361,563,383,541
90100027_original.jpg,399,491,419,471
90100027_modified.jpg,399,491,419,471
90100027_original.jpg,416,581,434,563
90100027_modified.jpg,416,581,434,563
90100027_original.jpg,485,510,503,492
90100027_modified.jpg,485,510,503,492
90100027_original.jpg,452,510,470,492
90100027_modified.jpg,452,510,470,492
90100027_original.jpg,382,615,400,597
90100027_modified.jpg,382,615,400,597
90100027_original.jpg,468,597,488,577
90100027_modified.jpg,468,597,488,577
90100027_original.jpg,451,579,467,563
90100027_modified.jpg,451,579,467,563
90100027_original.jpg,625,547,645,527
90100027_modified.jpg,625,547,645,527
90100027_original.jpg,591,475,609,457
90100027_modified.jpg,591,475,609,457
90100027_original.jpg,187,625,207,605
90100027_modified.jpg,187,625,207,605
90100027_original.jpg,539,635,557,617
90100027_modified.jpg,539,635,557,617
90100027_original.jpg,214,78,232,60
90100027_modified.jpg,214,78,232,60
90100027_original.jpg,346,618,366,598
90100027_modified.jpg,346,618,366,598
90100027_original.jpg,521,511,539,493
90100027_modified.jpg,521,511,539,493
90100027_original.jpg,197,556,217,536
90100027_modified.jpg,197,556,217,536
90100029_original.jpg,179,583,203,559
90100029_modified.jpg,179,583,203,559
90100029_original.jpg,205,214,229,190
90100029_modified.jpg,205,214,229,190
90100029_original.jpg,261,234,285,210
90100029_modified.jpg,261,234,285,210
90100029_original.jpg,245,575,269,551
90100029_modified.jpg,245,575,269,551
90100029_original.jpg,178,516,206,488
90100029_modified.jpg,178,516,206,488
90100029_original.jpg,156,446,182,420
90100029_modified.jpg,156,446,182,420
90100029_original.jpg,501,617,525,593
90100029_modified.jpg,501,617,525,593
90100029_original.jpg,202,163,226,139
90100029_modified.jpg,202,163,226,139
90100029_original.jpg,423,508,449,482
90100029_modified.jpg,423,508,449,482
90100029_original.jpg,489,374,517,346
90100029_modified.jpg,489,374,517,346
90100029_original.jpg,298,333,324,307
90100029_modified.jpg,298,333,324,307
90100029_original.jpg,328,211,352,187
90100029_modified.jpg,328,211,352,187
90100029_original.jpg,299,383,323,359
90100029_modified.jpg,299,383,323,359
90100029_original.jpg,8,615,32,591
90100029_modified.jpg,8,615,32,591
90100029_original.jpg,312,439,336,415
90100029_modified.jpg,312,439,336,415
90100029_original.jpg,279,569,303,545
90100029_modified.jpg,279,569,303,545
90100029_original.jpg,376,451,400,427
90100029_modified.jpg,376,451,400,427
90100029_original.jpg,17,413,41,389
90100029_modified.jpg,17,413,41,389
90100029_original.jpg,405,542,429,518
90100029_modified.jpg,405,542,429,518
90100029_original.jpg,38,205,64,179
90100029_modified.jpg,38,205,64,179
90100029_original.jpg,273,309,303,279
90100029_modified.jpg,273,309,303,279
90100029_original.jpg,54,585,80,559
90100029_modified.jpg,54,585,80,559
90100029_original.jpg,270,409,304,375
90100029_modified.jpg,270,409,304,375
90100029_original.jpg,160,336,184,312
90100029_modified.jpg,160,336,184,312
90100029_original.jpg,420,246,438,228
90100029_modified.jpg,420,246,438,228
90100029_original.jpg,495,329,515,309
90100029_modified.jpg,495,329,515,309
90100029_original.jpg,418,212,436,194
90100029_modified.jpg,418,212,436,194
90100029_original.jpg,253,377,275,355
90100029_modified.jpg,253,377,275,355
90100029_original.jpg,282,358,302,338
90100029_modified.jpg,282,358,302,338
90100030_original.jpg,62,175,86,151
90100030_modified.jpg,62,175,86,151
90100030_original.jpg,181,224,203,202
90100030_modified.jpg,181,224,203,202
90100030_original.jpg,94,179,118,155
90100030_modified.jpg,94,179,118,155
90100030_original.jpg,453,415,475,393
90100030_modified.jpg,453,415,475,393
90100030_original.jpg,332,479,360,451
90100030_modified.jpg,332,479,360,451
90100030_original.jpg,518,50,542,26
90100030_modified.jpg,518,50,542,26
90100030_original.jpg,441,72,465,48
90100030_modified.jpg,441,72,465,48
90100030_original.jpg,113,397,139,371
90100030_modified.jpg,113,397,139,371
90100030_original.jpg,259,193,283,169
90100030_modified.jpg,259,193,283,169
90100030_original.jpg,609,161,627,143
90100030_modified.jpg,609,161,627,143
90100030_original.jpg,566,97,594,69
90100030_modified.jpg,566,97,594,69
90100030_original.jpg,585,128,611,102
90100030_modified.jpg,585,128,611,102
90100030_original.jpg,147,190,171,166
90100030_modified.jpg,147,190,171,166
90100030_original.jpg,33,176,61,148
90100030_modified.jpg,33,176,61,148
90100030_original.jpg,53,389,79,363
90100030_modified.jpg,53,389,79,363
90100030_original.jpg,331,225,357,199
90100030_modified.jpg,331,225,357,199
90100033_original.jpg,241,400,265,376
90100033_modified.jpg,241,400,265,376
90100033_original.jpg,193,460,219,434
90100033_modified.jpg,193,460,219,434
90100033_original.jpg,496,645,524,617
90100033_modified.jpg,496,645,524,617
90100033_original.jpg,254,569,272,551
90100033_modified.jpg,254,569,272,551
